num_scal_reads = 51

scal_read_bcm1_current = 5.0151, 5.0371, 4.97651, 4.98091, 5.06908, 5.07643, 5.03726, 4.80695, -0.0677981, -0.0668242, -0.0672346, -0.0681897, -0.0679026, -0.0682194, -0.0675146, -0.0648714, 2.27895, 3.89283, 3.85811, 3.85046, 3.87385, 3.85102, 4.12398, 4.66176, 4.69359, 4.82852, 4.78863, 4.76997, 4.88895, 5.01844, 5.0638, 5.09387, 5.07212, 5.01531, 5.06996, 5.06202, 5.04304, 5.05792, 5.03212, 5.04797, 5.05193, 5.01215, 5.06585, 5.10827, 5.12195, 5.09455, 5.08637, 5.07392, 5.03213, 5.04835, 5.04835

scal_read_bcm2_current = 5.21351, 5.0191, 4.95862, 4.96264, 5.05126, 5.05872, 5.01916, 4.78878, -0.0915316, -0.0916343, -0.0915766, -0.0916075, -0.091497, -0.0916236, -0.0916533, -0.0916793, 2.25728, 3.87295, 3.8382, 3.83046, 3.85385, 3.83107, 4.10423, 4.6426, 4.67451, 4.80954, 4.76977, 4.75087, 4.87031, 4.99962, 5.04521, 5.07582, 5.05335, 4.99652, 5.05116, 5.04327, 5.0242, 5.03914, 5.01313, 5.02892, 5.03284, 4.99297, 5.0467, 5.08943, 5.1031, 5.07543, 5.06752, 5.05481, 5.01296, 5.0294, 5.0294

scal_read_bcm4a_current = 5.19328, 5.08359, 5.02291, 5.02841, 5.11539, 5.12313, 5.08494, 4.8753, 0.483683, 0.483562, 0.483095, 0.482424, 0.482179, 0.482206, 0.483376, 0.483936, 2.38131, 3.93788, 3.90253, 3.8946, 3.91863, 3.89607, 4.16907, 4.70904, 4.74076, 4.87654, 4.83751, 4.81736, 4.93783, 5.06699, 5.1119, 5.14295, 5.12041, 5.06413, 5.11733, 5.11052, 5.09076, 5.10728, 5.08034, 5.09757, 5.10095, 5.06059, 5.11467, 5.15722, 5.17132, 5.1445, 5.13532, 5.12241, 5.08002, 5.09542, 5.09542

scal_read_bcm4b_current = 5.39349, 5.1407, 5.08328, 5.08453, 5.17217, 5.18366, 5.14256, 4.97128, 1.36933, 1.36906, 1.37357, 1.37182, 1.36975, 1.36526, 1.36654, 1.366, 2.64729, 4.03798, 4.00881, 3.99907, 4.02344, 4.00048, 4.26166, 4.78071, 4.81267, 4.94417, 4.90419, 4.88662, 5.00175, 5.12555, 5.16926, 5.2021, 5.1783, 5.12302, 5.17478, 5.1697, 5.15246, 5.1662, 5.1403, 5.1562, 5.155, 5.12033, 5.17396, 5.21604, 5.23023, 5.20273, 5.19213, 5.18303, 5.14353, 5.16079, 5.16079

scal_read_bcm4c_current = 5.19425, 5.10456, 5.04497, 5.05047, 5.13758, 5.14399, 5.10598, 4.89468, 0.428525, 0.428621, 0.428446, 0.427895, 0.427488, 0.426767, 0.427006, 0.426821, 2.40147, 3.96331, 3.92987, 3.92065, 3.94606, 3.9223, 4.19618, 4.73516, 4.76629, 4.89922, 4.85966, 4.84226, 4.96042, 5.08988, 5.13396, 5.16508, 5.14233, 5.08589, 5.1387, 5.13287, 5.11461, 5.12849, 5.10383, 5.11934, 5.11988, 5.08424, 5.13856, 5.1792, 5.1939, 5.16631, 5.16025, 5.14604, 5.10526, 5.1225, 5.1225

scal_read_event = 1, 4589, 9186, 10000, 14611, 19260, 20000, 24467, 25947, 27424, 28902, 30000, 31467, 32946, 34421, 35898, 38806, 40000, 43884, 47791, 50000, 53866, 57933, 60000, 68755, 70000, 74448, 78921, 80000, 84568, 89201, 90000, 94620, 99228, 100000, 104618, 109230, 110000, 114624, 119248, 120000, 124579, 129207, 130000, 134646, 139299, 140000, 144631, 149245, 150000, 1e+38