num_scal_reads = 50

scal_read_bcm1_current = 29.8532, 29.8391, 29.7046, 29.7788, 30.0286, 29.9654, 29.7875, 29.9866, 18.7007, -0.0565997, -0.0566943, -0.0568069, -0.0583751, -0.0575405, -0.0585603, -0.0592119, -0.0587138, -0.0563261, -0.0582339, -0.0571789, 0.456091, 4.09621, 5.50597, 8.00996, 12.8412, 13.9882, 18.2649, 22.4081, 25.2062, 29.9552, 29.7911, 30.0041, 29.7667, 29.8986, 29.9279, 29.9085, 29.6543, 29.8156, 29.9065, 29.8408, 29.8134, 29.7875, 29.6103, 29.4696, 29.5728, 29.3273, 29.4005, 29.5303, 29.582, 29.582

scal_read_bcm2_current = 30.0394, 29.8615, 29.7271, 29.8178, 30.0515, 29.9884, 29.8105, 30.0098, 18.7024, -0.0916505, -0.091638, -0.0915955, -0.091587, -0.0917053, -0.0915931, -0.0915483, -0.091572, -0.0916157, -0.0916154, -0.0916388, 0.422698, 4.07625, 5.48753, 7.99573, 12.8355, 13.9846, 18.2698, 22.4207, 25.2235, 29.9791, 29.8158, 30.0279, 29.7905, 29.9225, 29.9515, 29.9321, 29.6776, 29.8395, 29.9302, 29.8649, 29.8371, 29.8113, 29.6337, 29.4931, 29.5964, 29.4858, 29.424, 29.5537, 29.5595, 29.5595

scal_read_bcm4a_current = 30.2517, 30.2132, 30.0759, 30.1806, 30.4098, 30.3452, 30.1644, 30.3671, 19.1356, 0.477545, 0.477493, 0.47756, 0.47767, 0.477975, 0.478777, 0.479097, 0.479478, 0.4807, 0.481022, 0.480289, 0.930494, 4.15414, 5.57223, 8.10634, 12.9999, 14.1629, 18.496, 22.6939, 25.5281, 30.3367, 30.1725, 30.3877, 30.1484, 30.2851, 30.316, 30.2957, 30.0352, 30.1971, 30.2905, 30.2254, 30.1955, 30.1687, 29.9906, 29.8488, 29.9554, 29.8721, 29.7801, 29.9122, 29.8782, 29.8782

scal_read_bcm4b_current = 30.2061, 30.0635, 29.9252, 29.9734, 30.253, 30.1894, 30.0093, 30.2104, 19.3704, 1.37364, 1.37253, 1.37462, 1.37264, 1.37913, 1.38126, 1.37866, 1.38234, 1.37535, 1.37678, 1.38943, 1.73761, 4.25166, 5.61747, 8.13009, 12.9901, 14.1496, 18.4718, 22.6274, 25.4348, 30.1948, 30.0283, 30.2405, 29.9998, 30.1339, 30.1611, 30.143, 29.8865, 30.0489, 30.1394, 30.0755, 30.0476, 30.0246, 29.8417, 29.7015, 29.8082, 29.5524, 29.6338, 29.7623, 29.3817, 29.3817

scal_read_bcm4c_current = 30.1837, 30.0515, 29.9155, 30.0449, 30.2418, 30.1802, 30.0114, 30.2041, 19.0137, 0.426066, 0.426558, 0.426659, 0.426879, 0.426011, 0.424995, 0.424682, 0.426853, 0.427731, 0.428827, 0.426529, 0.888513, 4.19065, 5.59114, 8.09817, 12.9408, 14.0982, 18.4099, 22.5769, 25.3939, 30.1805, 30.013, 30.2285, 29.9951, 30.1275, 30.1556, 30.1366, 29.883, 30.0439, 30.1364, 30.0703, 30.0432, 30.0134, 29.8458, 29.6989, 29.8006, 29.7135, 29.6268, 29.7577, 29.8646, 29.8646

scal_read_event = 1, 4970, 9989, 10000, 15075, 20000, 25042, 30000, 33481, 34394, 35305, 36215, 37128, 38039, 38951, 39864, 40000, 40911, 41823, 42736, 43716, 45188, 46843, 48839, 50000, 52791, 56197, 60000, 64383, 69458, 70000, 75078, 80000, 85056, 90000, 95055, 100000, 105031, 110000, 115032, 120000, 125029, 130000, 135000, 139998, 140000, 144990, 149998, 150000, 1e+38