num_scal_reads = 71

scal_read_bcm1_current = 15.1099, 15.269, 15.1901, 15.0375, 14.8678, 14.9119, 14.9667, 15.0831, 14.9738, 14.9983, 14.9853, 14.9687, 15.0916, 14.9833, 14.9786, 14.96, 15.0738, 15.0422, 14.9807, 15.0061, 15.0483, 15.0067, 15.0099, 15.1128, 14.9413, 14.9965, 15.0174, 14.9952, 15.081, 14.9458, 14.5648, 14.6597, 14.6968, 14.5996, 14.6327, 14.6989, 14.7343, 14.6648, 14.7228, 14.7048, 14.7264, 14.6135, 14.6739, 14.7865, 14.7613, 14.7737, 14.7178, 14.6841, 14.5916, 14.4781, 14.5562, 14.6424, 14.5938, 14.5973, 14.6698, 15.1375, 2.00886, -0.0576041, -0.058278, -0.0577615, -0.0576478, -0.0580062, -0.0571677, -0.0570969, -0.0577594, 4.9693, 9.64449, 10.378, 15.0451, 15.0495, 15.0495

scal_read_bcm2_current = 15.1046, 15.2704, 15.1913, 15.0385, 14.8691, 14.9124, 14.9676, 15.0841, 14.9747, 14.999, 14.986, 14.969, 15.0925, 14.9836, 14.979, 14.9603, 15.0748, 15.0428, 14.981, 15.0066, 15.0488, 15.0071, 15.0103, 15.1135, 14.9416, 14.997, 15.0178, 14.9956, 15.0811, 14.946, 14.5645, 14.6594, 14.6972, 14.5993, 14.6324, 14.6987, 14.734, 14.6645, 14.7226, 14.7047, 14.7258, 14.613, 14.6735, 14.7865, 14.7613, 14.7735, 14.7175, 14.6835, 14.5907, 14.4772, 14.5552, 14.6416, 14.593, 14.5967, 14.6691, 15.1377, 1.97986, -0.0917107, -0.0916123, -0.0917106, -0.0916172, -0.0915523, -0.0916538, -0.0915234, -0.0917017, 4.94768, 9.63438, 10.3691, 15.0445, 15.049, 15.049

scal_read_bcm4a_current = 15.1824, 15.4626, 15.3833, 15.2272, 15.0559, 15.0989, 15.1555, 15.2742, 15.1618, 15.1875, 15.1747, 15.1586, 15.2825, 15.1729, 15.1689, 15.1493, 15.2667, 15.2336, 15.1728, 15.1968, 15.2373, 15.1963, 15.2001, 15.3031, 15.1302, 15.1863, 15.2078, 15.1847, 15.2723, 15.1349, 14.7493, 14.8444, 14.8836, 14.7848, 14.8192, 14.886, 14.9226, 14.8537, 14.9105, 14.8928, 14.9156, 14.8019, 14.8626, 14.9757, 14.9522, 14.9633, 14.9095, 14.8752, 14.7793, 14.6639, 14.7435, 14.8318, 14.7814, 14.785, 14.8584, 15.3334, 2.49799, 0.477346, 0.477403, 0.476922, 0.477111, 0.47788, 0.478178, 0.478641, 0.479691, 5.25697, 9.76371, 10.5085, 15.2384, 15.2434, 15.2434

scal_read_bcm4b_current = 15.5547, 15.4563, 15.3788, 15.2277, 15.0551, 15.0955, 15.1538, 15.2733, 15.1618, 15.186, 15.171, 15.156, 15.2803, 15.1741, 15.1677, 15.1487, 15.2628, 15.2312, 15.1671, 15.1952, 15.2393, 15.1931, 15.1974, 15.3026, 15.1296, 15.1862, 15.2075, 15.1841, 15.267, 15.1318, 14.7479, 14.8411, 14.878, 14.7813, 14.8155, 14.8797, 14.9155, 14.847, 14.9071, 14.8877, 14.9075, 14.7974, 14.8585, 14.9697, 14.9466, 14.9584, 14.9016, 14.8684, 14.7779, 14.6574, 14.7367, 14.8272, 14.7793, 14.7838, 14.8567, 15.3293, 3.28147, 1.38294, 1.38446, 1.38075, 1.38083, 1.37985, 1.38028, 1.37973, 1.38446, 5.63203, 9.75202, 10.4957, 15.2348, 15.2426, 15.2426

scal_read_bcm4c_current = 15.1441, 15.3879, 15.31, 15.1583, 14.9884, 15.0318, 15.0884, 15.2033, 15.0936, 15.1181, 15.1069, 15.0915, 15.2137, 15.1058, 15.1018, 15.0834, 15.1993, 15.1658, 15.1053, 15.1286, 15.1706, 15.131, 15.1332, 15.2382, 15.0651, 15.121, 15.1419, 15.1196, 15.2049, 15.0693, 14.6876, 14.7833, 14.8197, 14.7236, 14.7561, 14.8244, 14.8577, 14.7905, 14.8481, 14.8305, 14.8519, 14.738, 14.7995, 14.9126, 14.8857, 14.9005, 14.8459, 14.8092, 14.7134, 14.601, 14.6806, 14.7652, 14.7161, 14.7211, 14.7964, 15.2677, 2.44781, 0.42969, 0.429726, 0.429168, 0.430293, 0.43006, 0.429162, 0.429775, 0.430504, 5.22494, 9.7334, 10.4681, 15.1682, 15.173, 15.173

scal_read_event = 1, 3191, 6376, 9529, 10000, 13109, 16250, 19415, 20000, 23128, 26261, 29398, 30000, 33145, 36280, 39405, 40000, 43135, 46271, 49412, 50000, 53131, 56279, 59441, 60000, 63122, 66269, 69416, 70000, 73119, 76162, 79235, 80000, 83043, 86116, 89196, 90000, 93056, 96137, 99217, 100000, 103033, 106102, 109206, 110000, 113090, 116165, 119248, 120000, 123003, 126053, 129120, 130000, 133053, 136118, 139280, 139850, 140000, 140157, 140313, 140469, 140626, 140782, 140938, 141095, 142209, 144241, 146414, 149562, 150000, 1e+38