num_scal_reads = 31

scal_read_bcm1_current = 4.6718, 4.8343, 4.84779, 4.82248, 4.84088, 4.84392, 4.86025, 4.87215, 4.85916, 4.8534, 4.84564, 4.83588, 4.85305, 4.86714, 4.8772, 4.85674, 4.8574, 4.87101, 4.87455, 4.88146, 4.86848, 4.8974, 4.90116, 4.88562, 4.869, 4.85874, 4.88135, 4.82888, 4.8614, 4.88146, 4.88146

scal_read_bcm2_current = 4.66994, 4.81518, 4.82869, 4.80322, 4.82187, 4.82459, 4.84122, 4.85293, 4.84015, 4.83427, 4.82638, 4.81661, 4.83385, 4.84792, 4.85813, 4.83748, 4.83818, 4.85186, 4.8554, 4.86242, 4.84928, 4.87831, 4.88211, 4.86665, 4.85007, 4.8396, 4.86234, 4.81003, 4.84255, 4.86263, 4.86263

scal_read_bcm4a_current = 4.8881, 4.8852, 4.89802, 4.87121, 4.8912, 4.89446, 4.91108, 4.92268, 4.91059, 4.90338, 4.89646, 4.88564, 4.90326, 4.91744, 4.92741, 4.90701, 4.90758, 4.92256, 4.92489, 4.93237, 4.91865, 4.94843, 4.95183, 4.93617, 4.91819, 4.9083, 4.93027, 4.8786, 4.91065, 4.93187, 4.93187

scal_read_bcm4b_current = 5.20014, 4.95486, 4.96805, 4.94243, 4.96177, 4.96197, 4.97864, 4.99075, 4.97756, 4.97271, 4.96422, 4.95726, 4.97467, 4.98821, 4.99799, 4.97797, 4.97728, 4.99007, 4.99373, 5.00151, 4.98815, 5.01625, 5.01893, 5.00313, 4.9874, 4.97694, 5.00004, 4.94919, 4.9817, 5.00056, 5.00056

scal_read_bcm4c_current = 5.00844, 4.90608, 4.92039, 4.893, 4.91175, 4.91556, 4.93198, 4.94511, 4.93141, 4.92549, 4.91834, 4.9075, 4.92567, 4.94154, 4.94948, 4.92979, 4.92897, 4.94386, 4.94654, 4.95312, 4.93976, 4.97039, 4.97311, 4.95863, 4.94195, 4.93141, 4.95393, 4.90145, 4.93364, 4.95404, 4.95404

scal_read_event = 1, 5207, 10000, 15282, 20000, 25312, 30000, 35305, 40000, 45283, 50000, 55315, 60000, 65306, 70000, 75313, 80000, 85324, 90000, 100000, 105291, 110000, 115312, 120000, 125312, 130000, 135344, 140000, 145270, 150000, 1e+38