num_scal_reads = 32

scal_read_bcm1_current = 4.92597, 4.91011, 4.93551, 4.93945, 4.95964, 4.94234, 4.94267, 4.91225, 4.91536, 4.92683, 4.91283, 4.92906, 4.90477, 4.91066, 4.93252, 4.87841, 4.8696, 4.91017, 4.9234, 4.93732, 4.98276, 4.9408, 4.90753, 4.92118, 4.94941, 4.93928, 4.93849, 4.93263, 4.92625, 4.92718, 4.95848, 4.95848

scal_read_bcm2_current = 4.90908, 4.93787, 4.96313, 4.96747, 4.98823, 4.97031, 4.97019, 4.94006, 4.94232, 4.95472, 4.94061, 4.95685, 4.93213, 4.93831, 4.96043, 4.90582, 4.89721, 4.9378, 4.95102, 4.96542, 5.01016, 4.96891, 4.93629, 4.94921, 4.97754, 4.96747, 4.96771, 4.96082, 4.95408, 4.95517, 4.98744, 4.98744

scal_read_bcm4a_current = 4.95381, 4.97343, 4.99815, 5.00344, 5.02525, 5.00484, 5.00553, 4.9752, 4.97934, 4.99106, 4.97776, 4.99318, 4.96741, 4.97427, 4.99811, 4.94303, 4.93332, 4.97452, 4.98631, 5.00251, 5.04675, 5.00492, 4.97069, 4.98598, 5.01247, 5.00383, 5.00148, 4.9961, 4.98966, 4.99163, 5.02291, 5.02291

scal_read_bcm4b_current = 4.85067, 4.96978, 4.99628, 4.99721, 5.0161, 5.00131, 5.00592, 4.97395, 4.97578, 4.9846, 4.96817, 4.9896, 4.96755, 4.96974, 4.98832, 4.93659, 4.92838, 4.9693, 4.98269, 4.99627, 5.03884, 4.99995, 4.96608, 4.98068, 5.01003, 4.99857, 4.99437, 4.99153, 4.9821, 4.98511, 5.02035, 5.02035

scal_read_bcm4c_current = 5.2067, 5.14261, 5.17087, 5.17243, 5.194, 5.17651, 5.17484, 5.14493, 5.14393, 5.15866, 5.14313, 5.16221, 5.13615, 5.14375, 5.16451, 5.11084, 5.10169, 5.14284, 5.15231, 5.16873, 5.21533, 5.17255, 5.14066, 5.15361, 5.18046, 5.17253, 5.17267, 5.16506, 5.16235, 5.16016, 5.19084, 5.19084

scal_read_event = 1, 9058, 10000, 19051, 20000, 28749, 30000, 38767, 40000, 48907, 50000, 58997, 60000, 68952, 70000, 79018, 80000, 88764, 90000, 98879, 100000, 108940, 110000, 118971, 120000, 129006, 130000, 138924, 140000, 148818, 150000, 1e+38