num_scal_reads = 62

scal_read_bcm1_current = 9.88258, 9.99574, 9.99837, 9.98571, 9.97792, 9.96858, 9.97599, 10.0046, 9.99398, 10.0052, 10.0004, 9.98562, 10.0021, 10.0121, 9.99525, 9.99736, 9.99625, 10.0046, 9.97114, 9.99191, 9.9815, 10.0024, 9.98119, 9.98585, 9.98567, 9.9938, 9.98913, 9.99198, 10.0026, 10.0062, 9.98136, 10.0052, 10.005, 9.99228, 9.98162, 9.99318, 9.98432, 10.0019, 9.99095, 10.0098, 10.0031, 9.99676, 9.98942, 9.99807, 10.004, 10.0015, 10.0081, 9.99072, 10.0034, 9.99205, 9.99031, 9.98443, 10.0019, 10.0063, 9.9947, 9.99857, 10.0005, 9.99627, 9.99735, 9.9744, 9.97877, 9.97877

scal_read_bcm2_current = 10.1196, 10.0214, 10.0242, 10.0111, 10.0034, 9.99414, 10.0014, 10.0302, 10.0193, 10.031, 10.0259, 10.0112, 10.0274, 10.0378, 10.0208, 10.023, 10.0218, 10.0303, 9.99674, 10.0174, 10.0072, 10.028, 10.0065, 10.0113, 10.0111, 10.0194, 10.0146, 10.0174, 10.0283, 10.0317, 10.0069, 10.0307, 10.0309, 10.0175, 10.007, 10.0187, 10.0095, 10.0273, 10.0165, 10.0352, 10.0287, 10.0222, 10.0147, 10.0235, 10.0291, 10.0268, 10.0335, 10.0161, 10.0286, 10.0174, 10.0157, 10.0096, 10.0269, 10.0316, 10.0198, 10.0237, 10.0253, 10.0214, 10.0226, 9.99954, 10.0031, 10.0031

scal_read_bcm4a_current = 12.603, 12.705, 12.7079, 12.6927, 12.6803, 12.6748, 12.6816, 12.7176, 12.7019, 12.7163, 12.7104, 12.6918, 12.7125, 12.727, 12.7059, 12.7088, 12.7084, 12.7175, 12.6749, 12.7031, 12.6891, 12.7162, 12.6894, 12.6947, 12.6973, 12.7057, 12.699, 12.7025, 12.7138, 12.7191, 12.6896, 12.7187, 12.7142, 12.7008, 12.6889, 12.7027, 12.6923, 12.714, 12.7014, 12.7239, 12.7161, 12.7088, 12.699, 12.7112, 12.7182, 12.7142, 12.723, 12.7006, 12.7171, 12.7009, 12.7001, 12.6907, 12.7142, 12.7183, 12.7041, 12.7089, 12.7113, 12.7066, 12.7085, 12.6805, 12.6814, 12.6814

scal_read_bcm4b_current = 63.9824, 63.8395, 63.8584, 63.7781, 63.7261, 63.6782, 63.728, 63.9017, 63.8364, 63.9048, 63.8684, 63.7783, 63.882, 63.9487, 63.8378, 63.8489, 63.848, 63.892, 63.6867, 63.8177, 63.758, 63.8832, 63.7456, 63.771, 63.7715, 63.8254, 63.7956, 63.8064, 63.8753, 63.8996, 63.7467, 63.8897, 63.8958, 63.8064, 63.749, 63.8225, 63.7703, 63.8814, 63.8207, 63.9355, 63.8867, 63.8526, 63.8006, 63.8495, 63.8952, 63.8806, 63.9152, 63.8012, 63.8958, 63.8077, 63.8038, 63.7657, 63.8819, 63.8978, 63.8314, 63.8561, 63.8677, 63.8421, 63.8461, 63.6992, 63.7198, 63.7198

scal_read_bcm4c_current = 25.7184, 25.6614, 25.6695, 25.6347, 25.6189, 25.5938, 25.6192, 25.6871, 25.6554, 25.687, 25.6745, 25.6397, 25.6822, 25.7055, 25.6647, 25.6657, 25.6677, 25.6835, 25.6004, 25.6569, 25.6236, 25.6795, 25.6243, 25.6364, 25.6404, 25.6594, 25.6443, 25.6521, 25.677, 25.6908, 25.6279, 25.6875, 25.6852, 25.6506, 25.6265, 25.6566, 25.6303, 25.6782, 25.655, 25.704, 25.6835, 25.6662, 25.6472, 25.6716, 25.6847, 25.6778, 25.6923, 25.6509, 25.6867, 25.6548, 25.6572, 25.6375, 25.6807, 25.6904, 25.6604, 25.6688, 25.6754, 25.6633, 25.6736, 25.6147, 25.6207, 25.6207

scal_read_event = 1, 3128, 6281, 9433, 10000, 13133, 16280, 19440, 20000, 23145, 26304, 29453, 30000, 33138, 36293, 39452, 40000, 43157, 46303, 49450, 50000, 53163, 56314, 59463, 60000, 63139, 66295, 69454, 70000, 73137, 76283, 79447, 80000, 83150, 86306, 89459, 90000, 93140, 96299, 99458, 100000, 103135, 106299, 109459, 110000, 113144, 116300, 119448, 120000, 123155, 126312, 129464, 130000, 133147, 136307, 139467, 140000, 143146, 146298, 149445, 150000, 1e+38