num_scal_reads = 62

scal_read_bcm1_current = 10.0561, 9.9106, 9.92179, 9.92163, 9.92569, 9.92648, 9.92318, 9.92689, 9.91312, 9.93012, 9.91533, 9.93296, 9.92741, 9.93236, 9.92393, 9.90976, 9.93854, 9.93299, 9.90794, 9.91541, 9.93569, 9.93849, 9.9597, 9.92923, 9.92714, 9.91499, 9.91845, 9.92629, 9.92393, 9.92647, 9.92296, 9.93933, 9.93843, 9.94094, 9.92771, 9.92728, 9.93146, 9.9215, 9.92061, 9.91678, 9.92157, 9.91801, 9.91725, 9.93086, 9.94371, 9.93335, 9.92341, 9.93054, 9.90828, 9.92058, 9.93779, 9.92265, 9.92271, 9.93531, 9.93886, 9.92448, 9.93942, 9.94292, 9.94183, 9.92818, 9.90971, 9.90971

scal_read_bcm2_current = 9.78389, 9.9358, 9.94678, 9.94671, 9.95089, 9.95171, 9.94811, 9.95182, 9.93877, 9.95514, 9.94036, 9.95808, 9.95211, 9.9575, 9.9489, 9.93479, 9.96361, 9.95804, 9.93278, 9.94016, 9.96031, 9.96331, 9.98468, 9.95406, 9.95222, 9.93992, 9.94327, 9.95108, 9.94869, 9.95125, 9.94767, 9.96431, 9.96326, 9.96593, 9.95257, 9.952, 9.95654, 9.94615, 9.94538, 9.94148, 9.9463, 9.94267, 9.94184, 9.95553, 9.96882, 9.95774, 9.94797, 9.95507, 9.93281, 9.9452, 9.96254, 9.94729, 9.94744, 9.96026, 9.96377, 9.94916, 9.96452, 9.96765, 9.96663, 9.95283, 9.93426, 9.93426

scal_read_bcm4a_current = 12.5595, 12.6108, 12.6234, 12.6252, 12.6287, 12.632, 12.6263, 12.6301, 12.6136, 12.6353, 12.6167, 12.6384, 12.6296, 12.6374, 12.627, 12.6106, 12.6479, 12.6393, 12.6073, 12.6175, 12.6404, 12.6435, 12.6712, 12.6342, 12.633, 12.6161, 12.62, 12.6297, 12.6274, 12.6317, 12.6257, 12.649, 12.6502, 12.6506, 12.6318, 12.6311, 12.6368, 12.624, 12.6225, 12.6176, 12.6222, 12.6195, 12.6179, 12.636, 12.6541, 12.6393, 12.6257, 12.6363, 12.6081, 12.6241, 12.646, 12.6279, 12.6279, 12.6433, 12.6499, 12.6296, 12.6476, 12.6518, 12.6507, 12.6326, 12.6096, 12.6096

scal_read_bcm4b_current = 63.3269, 63.3789, 63.4465, 63.4439, 63.4563, 63.4672, 63.4521, 63.4713, 63.3748, 63.4893, 63.3932, 63.5038, 63.4657, 63.5017, 63.4407, 63.3522, 63.5353, 63.489, 63.3352, 63.3849, 63.497, 63.5288, 63.6652, 63.4733, 63.4554, 63.3932, 63.4102, 63.4593, 63.4476, 63.4548, 63.4366, 63.534, 63.5305, 63.5478, 63.4676, 63.4631, 63.5008, 63.4282, 63.4251, 63.3953, 63.4233, 63.4004, 63.3993, 63.4837, 63.5483, 63.4906, 63.429, 63.473, 63.3371, 63.4127, 63.5222, 63.4285, 63.4363, 63.5095, 63.5315, 63.4389, 63.5346, 63.5557, 63.5545, 63.4704, 63.3628, 63.3628

scal_read_bcm4c_current = 25.2937, 25.4709, 25.5013, 25.5024, 25.5148, 25.5106, 25.5021, 25.5118, 25.4774, 25.5183, 25.4854, 25.5316, 25.516, 25.5332, 25.5044, 25.4689, 25.5424, 25.5295, 25.4624, 25.4807, 25.5314, 25.5395, 25.5985, 25.5229, 25.5089, 25.4818, 25.4903, 25.5091, 25.5043, 25.511, 25.4993, 25.5421, 25.5392, 25.5471, 25.5129, 25.5095, 25.5232, 25.4975, 25.4939, 25.4833, 25.4967, 25.4833, 25.4849, 25.5186, 25.5526, 25.5255, 25.5024, 25.5203, 25.4663, 25.4947, 25.5345, 25.4947, 25.5001, 25.5296, 25.5383, 25.4994, 25.5397, 25.5488, 25.5428, 25.51, 25.4636, 25.4636

scal_read_event = 1, 3110, 6251, 9392, 10000, 13132, 16263, 19399, 20000, 23122, 26253, 29395, 30000, 33133, 36273, 39403, 40000, 43135, 46262, 49396, 50000, 53124, 56267, 59410, 60000, 63108, 66247, 69384, 70000, 73122, 76255, 79394, 80000, 83129, 86262, 89402, 90000, 93120, 96258, 99390, 100000, 103119, 106258, 109401, 110000, 113136, 116275, 119408, 120000, 123113, 126253, 129390, 130000, 133122, 136266, 139405, 140000, 143120, 146266, 149410, 150000, 1e+38