num_scal_reads = 49

scal_read_bcm1_current = 64.6478, 64.7062, 65.1315, 65.2023, 40.4813, -0.0587493, -0.0581814, -0.0594064, -0.0592062, -0.0579317, -0.0584724, -0.0583866, -0.0584515, -0.0596449, -0.0615127, -0.0660166, -0.0663461, -0.0660779, -0.0654368, -0.0660053, -0.0661076, 17.0833, 22.3187, 28.6273, 39.56, 39.6736, 56.404, 56.4186, 60.5538, 62.6077, 62.3222, 63.4664, 64.2487, 64.4668, 64.7049, 64.7611, 65.1384, 64.3628, 64.0868, 64.2033, 64.5582, 64.9521, 64.7243, 65.0263, 65.0849, 65.1588, 65.3462, 65.305, 65.305

scal_read_bcm2_current = 64.6387, 64.7471, 65.1712, 65.2426, 40.4946, -0.0911424, -0.0910945, -0.091122, -0.0910287, -0.0911222, -0.0910546, -0.0910548, -0.091122, -0.0910098, -0.0911013, -0.0911822, -0.0910705, -0.0910967, -0.0909793, -0.0911222, -0.0910394, 17.0981, 22.3469, 28.6662, 39.6152, 39.7288, 56.4405, 56.4543, 60.5883, 62.6423, 62.3597, 63.5096, 64.2958, 64.5145, 64.753, 64.809, 65.1861, 64.4105, 64.1334, 64.2511, 64.6069, 64.9996, 64.7714, 65.0734, 65.133, 65.2064, 65.3943, 65.3536, 65.3536

scal_read_bcm4a_current = 65.857, 65.8511, 66.2965, 66.3702, 41.4635, 0.589939, 0.590358, 0.590007, 0.590361, 0.591235, 0.591131, 0.591717, 0.591771, 0.590916, 0.59177, 0.59232, 0.592154, 0.591154, 0.591103, 0.59177, 0.591967, 17.2823, 22.5327, 28.9064, 39.9572, 40.0694, 57.1614, 57.1744, 61.4942, 63.6411, 63.3367, 64.537, 65.3624, 65.5954, 65.8452, 65.9083, 66.3078, 65.4863, 65.194, 65.3193, 65.6915, 66.1049, 65.8654, 66.1838, 66.2438, 66.3209, 66.5182, 66.4748, 66.4748

scal_read_bcm4b_current = 64.8528, 65.3846, 65.8223, 65.8964, 41.514, 1.49401, 1.49343, 1.49333, 1.492, 1.48861, 1.48744, 1.48791, 1.48744, 1.48838, 1.49308, 1.49185, 1.49113, 1.49037, 1.49159, 1.49026, 1.49169, 17.3196, 22.4674, 28.7807, 39.7309, 39.8463, 56.7776, 56.793, 61.0742, 63.1983, 62.8973, 64.0888, 64.9022, 65.1274, 65.3757, 65.4352, 65.8269, 65.0191, 64.7277, 64.8482, 65.2195, 65.6277, 65.3918, 65.7089, 65.7787, 65.8538, 66.0426, 66.001, 66.001

scal_read_bcm4c_current = 65.6343, 65.5083, 65.9492, 66.0336, 41.2052, 0.462453, 0.462956, 0.462215, 0.461931, 0.46237, 0.462137, 0.462136, 0.462058, 0.462293, 0.462205, 0.462978, 0.462661, 0.461721, 0.462487, 0.461353, 0.461985, 17.1989, 22.4205, 28.7612, 39.755, 39.8685, 56.8688, 56.8843, 61.1859, 63.3306, 63.0367, 64.2089, 65.0257, 65.2477, 65.5001, 65.5644, 65.9542, 65.1497, 64.8566, 64.9726, 65.3448, 65.7576, 65.5156, 65.832, 65.8942, 65.975, 66.1739, 66.1234, 66.1234

scal_read_event = 1, 5607, 10000, 15705, 19539, 20000, 20687, 21377, 22065, 22753, 23440, 24127, 24813, 25501, 26189, 26876, 27563, 28251, 28937, 29625, 30000, 32006, 34428, 37360, 40000, 43801, 49008, 50000, 55496, 60000, 65588, 70000, 75698, 80000, 85735, 90000, 95734, 100000, 105693, 110000, 115725, 120000, 125695, 130000, 135768, 140000, 145770, 150000, 1e+38