num_scal_reads = 40

scal_read_bcm1_current = 15.0955, 14.9826, 14.8426, 14.9264, 14.9184, 14.8511, 15.0265, 15.0704, 15.0519, 8.58805, -0.0610733, -0.0617922, -0.0590193, -0.0587502, -0.0584874, -0.0595346, -0.0615937, 5.06131, 8.85406, 10.1799, 10.5066, 14.8444, 14.9089, 15.1062, 15.021, 14.9289, 15.0764, 14.9128, 14.9779, 14.9602, 14.9556, 14.9499, 14.8415, 14.9731, 15.1202, 15.0267, 15.0065, 14.9461, 15.0376, 15.0376

scal_read_bcm2_current = 15.0261, 14.9839, 14.8434, 14.9273, 14.9192, 14.8518, 15.0274, 15.0712, 15.0528, 8.57462, -0.0917017, -0.0915884, -0.0916425, -0.0915446, -0.0916616, -0.0916072, -0.0915729, 5.04159, 8.84249, 10.1716, 10.4979, 14.8448, 14.9095, 15.1072, 15.0219, 14.9295, 15.0769, 14.913, 14.9782, 14.9604, 14.956, 14.9502, 14.842, 14.9739, 15.1213, 15.0275, 15.0073, 14.947, 15.0386, 15.0386

scal_read_bcm4a_current = 15.1096, 15.1282, 14.9871, 15.0744, 15.066, 14.9996, 15.1767, 15.219, 15.1991, 8.89901, 0.480675, 0.4812, 0.481539, 0.48105, 0.481617, 0.482192, 0.480951, 5.33213, 8.9339, 10.2756, 10.6052, 14.9903, 15.053, 15.2551, 15.1709, 15.077, 15.2232, 15.0573, 15.1232, 15.1048, 15.0998, 15.0946, 14.9859, 15.1193, 15.2672, 15.1724, 15.1519, 15.0901, 15.1834, 15.1834

scal_read_bcm4b_current = 15.1516, 15.1246, 14.9842, 15.0683, 15.0597, 14.9908, 15.1683, 15.2118, 15.1931, 9.26663, 1.36906, 1.36863, 1.37029, 1.36741, 1.36779, 1.36774, 1.37083, 5.6968, 8.91696, 10.2606, 10.5888, 14.9829, 15.0498, 15.2476, 15.1616, 15.0682, 15.2202, 15.0535, 15.1194, 15.1028, 15.0973, 15.0909, 14.9816, 15.114, 15.2625, 15.1698, 15.1473, 15.0867, 15.1806, 15.1806

scal_read_bcm4c_current = 15.0792, 15.0176, 14.8783, 14.9619, 14.9542, 14.8854, 15.0594, 15.1048, 15.0853, 8.81314, 0.430262, 0.42961, 0.429764, 0.430184, 0.429855, 0.428715, 0.428809, 5.28375, 8.88522, 10.2074, 10.5332, 14.8762, 14.9406, 15.1362, 15.0516, 14.9604, 15.1068, 14.9441, 15.0095, 14.9918, 14.9882, 14.9812, 14.875, 15.0056, 15.1525, 15.0577, 15.0384, 14.9779, 15.0679, 15.0679

scal_read_event = 1, 5468, 10000, 15543, 20000, 25540, 30000, 35633, 40000, 43553, 44316, 45080, 45841, 46604, 47367, 48126, 48887, 50000, 53589, 57619, 60000, 65510, 70000, 75648, 80000, 85562, 90000, 95564, 100000, 105557, 110000, 115540, 120000, 125576, 130000, 135580, 140000, 145569, 150000, 1e+38