num_scal_reads = 32

scal_read_bcm1_current = 2.85481, 3.00295, 3.00484, 3.00436, 2.99793, 3.00381, 3.00865, 3.00072, 3.00293, 2.9952, 2.99903, 3.00219, 3.00203, 3.00106, 2.99518, 3.00506, 3.00344, 3.00788, 3.00398, 3.01098, 3.00875, 3.00765, 3.00937, 3.00328, 3.0005, 3.01282, 3.00903, 3.00862, 3.0031, 3.00573, 3.00808, 3.00808

scal_read_bcm2_current = 3.15239, 3.00032, 3.00227, 3.00175, 2.99551, 3.00128, 3.00622, 2.99811, 3.00048, 2.99257, 2.99639, 2.99966, 2.99939, 2.99863, 2.99235, 3.00249, 3.00085, 3.00525, 3.00136, 3.0083, 3.00621, 3.00502, 3.00676, 3.00057, 2.99775, 3.01013, 3.00636, 3.00592, 3.0004, 3.00308, 3.00533, 3.00533

scal_read_bcm4a_current = 3.94243, 3.93894, 3.94187, 3.94126, 3.93419, 3.94203, 3.94699, 3.93819, 3.94104, 3.93191, 3.93584, 3.93733, 3.93853, 3.93675, 3.92798, 3.94022, 3.94036, 3.94657, 3.9413, 3.94824, 3.94683, 3.94496, 3.94867, 3.93964, 3.93738, 3.95222, 3.94883, 3.94695, 3.9413, 3.94348, 3.94676, 3.94676

scal_read_bcm4b_current = 20.9049, 20.7661, 20.7618, 20.7655, 20.724, 20.7506, 20.7749, 20.7184, 20.7455, 20.6923, 20.7249, 20.7443, 20.7489, 20.7417, 20.6925, 20.7502, 20.7389, 20.769, 20.7455, 20.7836, 20.7583, 20.7484, 20.7678, 20.7227, 20.7134, 20.7938, 20.78, 20.7695, 20.7199, 20.7378, 20.7452, 20.7452

scal_read_bcm4c_current = 7.93367, 7.9382, 7.94035, 7.94233, 7.92624, 7.9401, 7.95031, 7.93446, 7.9404, 7.92017, 7.92904, 7.93498, 7.93538, 7.9339, 7.91871, 7.94038, 7.9385, 7.95043, 7.93904, 7.95669, 7.95039, 7.94868, 7.95107, 7.93519, 7.93005, 7.96293, 7.95222, 7.95199, 7.93966, 7.94414, 7.95066, 7.95066

scal_read_event = 1, 5224, 10000, 15325, 20000, 25306, 30000, 35326, 40000, 45342, 50000, 55318, 60000, 65315, 70000, 75330, 80000, 85320, 90000, 95301, 100000, 105326, 110000, 115321, 120000, 125337, 130000, 135317, 140000, 145310, 150000, 1e+38