num_scal_reads = 50

scal_read_bcm1_current = 54.696, 54.9011, 54.3927, 54.459, 54.3978, 54.4983, 54.5352, 54.4918, 54.7056, 54.727, 54.2432, 46.9156, -0.0569824, -0.0551738, -0.0575293, -0.0570223, -0.0575049, -0.0584762, -0.0582881, -0.0574385, -0.0568973, -0.057717, -0.0566671, -0.0571451, -0.0562965, -0.0579644, -0.0573743, -0.0567457, -0.0587536, -0.057246, -0.0567886, -0.0574338, -0.0592133, -0.0581637, -0.0566303, -0.0574793, -0.0575748, -0.0581871, -0.0569622, -0.0576784, -0.0573402, -0.057568, -0.0572779, -0.0569068, -0.0575919, -0.0579372, -0.0572387, -0.0573203, 1.30909, 1.30909

scal_read_bcm2_current = 54.8397, 54.8977, 54.3896, 54.4559, 54.3937, 54.495, 54.5314, 54.4885, 54.7032, 54.7238, 54.2402, 46.9087, -0.0917395, -0.0918768, -0.0918362, -0.0917677, -0.0917937, -0.0917215, -0.0917713, -0.0918517, -0.091704, -0.0918211, -0.0918397, -0.0917822, -0.091826, -0.09176, -0.0917143, -0.0917264, -0.0918486, -0.0916876, -0.0917712, -0.0916912, -0.091744, -0.0918414, -0.0917584, -0.0917903, -0.0916962, -0.0917925, -0.0917712, -0.0917937, -0.0917064, -0.0917506, -0.0916969, -0.0917558, -0.0917175, -0.0917752, -0.0917228, -0.0916876, 1.28223, 1.28223

scal_read_bcm4a_current = 55.4413, 55.8248, 55.2997, 55.3674, 55.3069, 55.4079, 55.4421, 55.3946, 55.6137, 55.6355, 55.1306, 47.7507, 0.482442, 0.481743, 0.481441, 0.482004, 0.481388, 0.482096, 0.481529, 0.482175, 0.482564, 0.481486, 0.479986, 0.484089, 0.484794, 0.48402, 0.484549, 0.484808, 0.483831, 0.484949, 0.483473, 0.484341, 0.483354, 0.483475, 0.483967, 0.484087, 0.484264, 0.484094, 0.484007, 0.484755, 0.483838, 0.483371, 0.483689, 0.484592, 0.484024, 0.484565, 0.484891, 0.484476, 1.59362, 1.59362

scal_read_bcm4b_current = 55.2979, 55.4173, 54.8923, 54.9609, 54.8965, 54.9985, 55.038, 54.9911, 55.2193, 55.2388, 54.7364, 47.5282, 1.39234, 1.3939, 1.39268, 1.39291, 1.39071, 1.39376, 1.39324, 1.3888, 1.39047, 1.38137, 1.38557, 1.38281, 1.38283, 1.38463, 1.38556, 1.38599, 1.3797, 1.37682, 1.37656, 1.3766, 1.37759, 1.37782, 1.38392, 1.38724, 1.38587, 1.38568, 1.38528, 1.38458, 1.38403, 1.38723, 1.38756, 1.38725, 1.38624, 1.38665, 1.38324, 1.38376, 2.1194, 2.1194

scal_read_bcm4c_current = 55.2576, 55.4876, 54.9609, 55.0277, 54.9649, 55.0728, 55.1113, 55.0729, 55.2947, 55.3208, 54.818, 47.4763, 0.434541, 0.435645, 0.434311, 0.434785, 0.435069, 0.434091, 0.434856, 0.434619, 0.434287, 0.43417, 0.434496, 0.434054, 0.433222, 0.432371, 0.432608, 0.432958, 0.433896, 0.434921, 0.434053, 0.433474, 0.433625, 0.434019, 0.433162, 0.432751, 0.432935, 0.43202, 0.432724, 0.433036, 0.432729, 0.432946, 0.432702, 0.432746, 0.43319, 0.434325, 0.434394, 0.434754, 1.58678, 1.58678

scal_read_event = 1, 8100, 10000, 17891, 20000, 27784, 30000, 37893, 40000, 47781, 50000, 57302, 59819, 60000, 62502, 65019, 67536, 70000, 72509, 75023, 77541, 80000, 82512, 87548, 90000, 92497, 95015, 97534, 100000, 102504, 105019, 107534, 110000, 112506, 115021, 117538, 120000, 122510, 125025, 127542, 130000, 132510, 135027, 137544, 140000, 142516, 145031, 147545, 150000, 1e+38