num_scal_reads = 32

scal_read_bcm1_current = 7.28406, 7.42873, 7.40533, 7.41972, 7.42593, 7.40502, 7.41312, 7.41723, 7.41825, 7.42495, 7.43635, 7.42944, 7.41886, 7.43065, 7.44333, 7.43858, 7.4284, 7.42468, 7.41823, 7.40788, 7.40095, 7.40127, 7.41394, 7.43474, 7.43656, 7.42249, 7.41834, 7.4045, 7.40678, 7.41749, 7.42169, 7.42169

scal_read_bcm2_current = 7.47897, 7.4426, 7.41904, 7.43363, 7.43977, 7.41886, 7.42664, 7.43107, 7.43224, 7.439, 7.45036, 7.44339, 7.43274, 7.44463, 7.45736, 7.45255, 7.44243, 7.43854, 7.43204, 7.42182, 7.41484, 7.41525, 7.42792, 7.44875, 7.45056, 7.43649, 7.43231, 7.41844, 7.42075, 7.43133, 7.43545, 7.43545

scal_read_bcm4a_current = 9.47085, 9.47283, 9.44746, 9.46385, 9.47059, 9.44605, 9.45514, 9.46195, 9.46145, 9.47146, 9.48373, 9.47511, 9.4618, 9.47708, 9.49307, 9.48729, 9.47768, 9.47051, 9.46217, 9.45012, 9.44123, 9.4418, 9.45813, 9.48469, 9.4859, 9.46681, 9.46324, 9.44547, 9.44701, 9.46158, 9.46688, 9.46688

scal_read_bcm4b_current = 47.9496, 47.8352, 47.7011, 47.7867, 47.8112, 47.696, 47.7503, 47.775, 47.773, 47.8164, 47.8908, 47.8492, 47.7768, 47.8528, 47.9349, 47.9071, 47.8478, 47.8202, 47.7817, 47.7216, 47.678, 47.682, 47.7585, 47.8887, 47.8998, 47.8131, 47.7836, 47.6973, 47.7067, 47.7747, 47.8026, 47.8026

scal_read_bcm4c_current = 19.0811, 19.1568, 19.0949, 19.1307, 19.1476, 19.0922, 19.1118, 19.1228, 19.1257, 19.1492, 19.1764, 19.1577, 19.1296, 19.1602, 19.1904, 19.1811, 19.1556, 19.1445, 19.1282, 19.1007, 19.0867, 19.0891, 19.1198, 19.1739, 19.1766, 19.1449, 19.1299, 19.094, 19.0972, 19.1275, 19.1372, 19.1372

scal_read_event = 1, 6128, 10000, 16201, 20000, 26203, 30000, 36196, 40000, 46180, 50000, 56217, 60000, 66226, 70000, 76278, 80000, 86226, 90000, 96209, 100000, 106175, 110000, 116246, 120000, 126241, 130000, 136151, 140000, 146240, 150000, 1e+38