num_scal_reads = 32

scal_read_bcm1_current = 5.03885, 4.96149, 4.97842, 4.95001, 4.91615, 4.91911, 4.90657, 4.93094, 4.97649, 4.99336, 4.9558, 4.96442, 4.94967, 4.93351, 4.92893, 4.92832, 4.96937, 4.94895, 4.94248, 4.97894, 4.98297, 4.93999, 4.93534, 4.94535, 4.93872, 4.92621, 4.89903, 4.94989, 4.97527, 4.97881, 5.02778, 5.02778

scal_read_bcm2_current = 5.02164, 4.98953, 5.00694, 4.97784, 4.94388, 4.94685, 4.93367, 4.95871, 5.00353, 5.02159, 4.98376, 4.99224, 4.97758, 4.96104, 4.9565, 4.9558, 4.99714, 4.97667, 4.97009, 5.00675, 5.01065, 4.96753, 4.96266, 4.97292, 4.96568, 4.9536, 4.92599, 4.97755, 5.0025, 5.00665, 5.05607, 5.05607

scal_read_bcm4a_current = 5.04973, 5.02463, 5.0447, 5.01562, 4.98298, 4.98439, 4.96952, 4.99573, 5.03979, 5.0565, 5.02112, 5.02907, 5.011, 4.99743, 4.99073, 4.99191, 5.03469, 5.01285, 5.00458, 5.04234, 5.04526, 5.00392, 4.99691, 5.00863, 5.00232, 4.98886, 4.96147, 5.01389, 5.0378, 5.04332, 5.09323, 5.09323

scal_read_bcm4b_current = 4.88302, 5.02263, 5.04116, 5.01129, 4.97685, 4.97924, 4.96839, 4.99205, 5.02871, 5.05327, 5.02125, 5.02539, 5.01315, 4.99506, 4.99265, 4.98694, 5.02545, 5.01008, 4.99854, 5.03916, 5.03597, 5.00039, 4.99885, 5.00433, 4.99647, 4.98722, 4.95759, 5.00935, 5.03492, 5.0391, 5.09101, 5.09101

scal_read_bcm4c_current = 5.14856, 5.19842, 5.21579, 5.1859, 5.15341, 5.15516, 5.14208, 5.16542, 5.21083, 5.23057, 5.19058, 5.20096, 5.18153, 5.16847, 5.16064, 5.16355, 5.20305, 5.18355, 5.17857, 5.21362, 5.2174, 5.17389, 5.16465, 5.17953, 5.17352, 5.1615, 5.13256, 5.18443, 5.21, 5.21548, 5.2647, 5.2647

scal_read_event = 1, 9294, 10000, 18970, 20000, 28995, 30000, 39218, 40000, 49033, 50000, 59015, 60000, 69166, 70000, 78999, 80000, 89006, 90000, 99199, 100000, 109151, 110000, 119044, 120000, 129142, 130000, 139178, 140000, 148965, 150000, 1e+38