num_scal_reads = 32

scal_read_bcm1_current = 5.1085, 5.14174, 5.14323, 5.15222, 5.14849, 5.14617, 5.14145, 5.14352, 5.15079, 5.15975, 5.15662, 5.16665, 5.15833, 5.15195, 5.15361, 5.14779, 5.16625, 5.1562, 5.15119, 5.14697, 5.15773, 5.14492, 5.15098, 5.13952, 5.13995, 5.14916, 5.14684, 5.1502, 5.15121, 5.15829, 5.14622, 5.14622

scal_read_bcm2_current = 5.1373, 5.14672, 5.14837, 5.15719, 5.15339, 5.15103, 5.14625, 5.14841, 5.15552, 5.16461, 5.16128, 5.17139, 5.16307, 5.15669, 5.15824, 5.15244, 5.17078, 5.16097, 5.15552, 5.15154, 5.16241, 5.14951, 5.15571, 5.14394, 5.14455, 5.15378, 5.15144, 5.15474, 5.15587, 5.16295, 5.15071, 5.15071

scal_read_bcm4a_current = 6.64608, 6.60115, 6.60134, 6.6121, 6.60701, 6.60509, 6.59918, 6.60098, 6.60935, 6.62102, 6.61677, 6.63009, 6.62074, 6.61106, 6.61309, 6.60632, 6.62835, 6.61685, 6.61007, 6.60463, 6.61715, 6.60256, 6.60806, 6.59444, 6.59563, 6.60671, 6.60347, 6.60798, 6.60737, 6.61585, 6.60152, 6.60152

scal_read_bcm4b_current = 33.7183, 33.6872, 33.6936, 33.7504, 33.7378, 33.7205, 33.6939, 33.7059, 33.7468, 33.8008, 33.783, 33.8443, 33.7896, 33.7518, 33.7553, 33.7279, 33.8408, 33.7717, 33.7433, 33.7182, 33.7886, 33.7199, 33.7465, 33.665, 33.6746, 33.729, 33.7184, 33.743, 33.747, 33.7911, 33.7161, 33.7161

scal_read_bcm4c_current = 13.5071, 13.3373, 13.3416, 13.3675, 13.3564, 13.3514, 13.3401, 13.3432, 13.3624, 13.3848, 13.3732, 13.4018, 13.3794, 13.3639, 13.3699, 13.3567, 13.4032, 13.3787, 13.3663, 13.3525, 13.3768, 13.3418, 13.3609, 13.3312, 13.3331, 13.3579, 13.349, 13.3568, 13.3606, 13.3813, 13.3484, 13.3484

scal_read_event = 1, 6114, 10000, 16105, 20000, 26108, 30000, 36092, 40000, 46117, 50000, 56144, 60000, 66115, 70000, 76090, 80000, 86138, 90000, 96121, 100000, 106127, 110000, 116121, 120000, 126096, 130000, 136131, 140000, 146157, 150000, 1e+38