num_scal_reads = 62

scal_read_bcm1_current = -0.0554115, -0.0723095, -0.0721803, -0.070919, -0.0729185, -0.0733756, -0.072746, -0.0707445, -0.071397, -0.0718516, 3.07051, 6.69194, 10.9695, 16.5808, 24.7706, 29.6408, 35.8986, 39.3735, 47.2077, 54.215, 57.8765, 63.5949, 63.3763, 70.2522, 70.5769, 71.5597, 71.5306, 70.6493, 71.1459, 71.4394, 71.939, 71.959, 72.459, 72.4812, 72.0413, 71.5301, 71.7594, 70.695, 71.3825, 70.8716, 71.3814, 71.4881, 70.8049, 70.8181, 70.7525, 70.9005, 71.561, 71.7476, 71.5378, 71.2309, 71.3975, 71.2161, 71.3853, 71.6908, 71.1585, 70.9391, 71.3943, 71.425, 71.0269, 71.3837, 71.0879, 71.0879

scal_read_bcm2_current = -0.0862488, -0.0868266, -0.0868707, -0.0868114, -0.0868635, -0.0867583, -0.0869157, -0.0867868, -0.0867287, -0.0867888, 3.08858, 6.74618, 11.069, 16.7397, 25.0161, 29.9357, 36.256, 39.7544, 47.6427, 54.6922, 58.3794, 64.1455, 63.9237, 70.8606, 71.1883, 72.1799, 72.1503, 71.2619, 71.762, 72.0591, 72.5647, 72.5853, 73.091, 73.1131, 72.6689, 72.1521, 72.3839, 71.3089, 72.0039, 71.4883, 72.0023, 72.11, 71.4204, 71.4338, 71.3681, 71.5166, 72.1835, 72.3724, 72.1594, 71.8491, 72.0163, 71.8328, 72.0041, 72.3123, 71.7739, 71.553, 72.0117, 72.0423, 71.6402, 72.0001, 71.7002, 71.7002

scal_read_bcm4a_current = 0.869112, 0.876061, 0.87363, 0.875568, 0.874867, 0.874166, 0.877109, 0.877389, 0.877329, 0.875571, 4.17647, 8.58085, 14.0299, 21.1781, 31.6266, 37.8452, 45.8344, 50.2835, 60.32, 69.4184, 74.2115, 81.7529, 81.4567, 90.6413, 91.0817, 92.406, 92.3648, 91.1785, 91.8512, 92.2391, 92.9116, 92.9379, 93.6105, 93.6409, 93.0547, 92.3657, 92.6756, 91.2407, 92.1743, 91.489, 92.1712, 92.3152, 91.395, 91.4097, 91.3167, 91.5222, 92.4135, 92.6635, 92.3828, 91.9758, 92.1974, 91.9531, 92.1774, 92.5918, 91.8736, 91.5757, 92.1915, 92.23, 91.6922, 92.1766, 91.7711, 91.7711

scal_read_bcm4b_current = 0.941751, 0.9231, 0.924568, 0.924207, 0.924033, 0.923623, 0.922913, 0.925943, 0.924743, 0.925627, 3.35187, 6.7385, 11.0659, 16.7459, 24.9624, 29.8507, 36.1328, 39.6314, 47.5207, 54.6617, 58.4243, 64.3528, 64.1288, 71.3558, 71.702, 72.7571, 72.7234, 71.7765, 72.3058, 72.6163, 73.153, 73.1779, 73.7113, 73.7349, 73.2678, 72.7169, 72.96, 71.8256, 72.5642, 72.0139, 72.5591, 72.6771, 71.9561, 71.9686, 71.8889, 72.0448, 72.7543, 72.9554, 72.7313, 72.4051, 72.5838, 72.387, 72.5688, 72.892, 72.3186, 72.088, 72.5788, 72.6173, 72.1893, 72.562, 72.2422, 72.2422

scal_read_bcm4c_current = 0.418453, 0.398715, 0.398501, 0.398675, 0.398236, 0.398736, 0.399675, 0.399433, 0.399254, 0.399224, 3.33309, 6.97075, 11.3832, 17.1722, 25.6407, 30.6875, 37.1775, 40.7799, 48.9021, 56.2944, 60.1731, 66.2947, 66.0605, 73.5058, 73.8541, 74.9226, 74.8943, 73.9369, 74.4692, 74.7906, 75.3368, 75.3606, 75.9027, 75.9235, 75.4471, 74.8881, 75.1384, 73.9825, 74.734, 74.1775, 74.7307, 74.8485, 74.1111, 74.1298, 74.0543, 74.2125, 74.9323, 75.1279, 74.8963, 74.5607, 74.7419, 74.5414, 74.7244, 75.0579, 74.4821, 74.2411, 74.7317, 74.7628, 74.3301, 74.7268, 74.4087, 74.4087

scal_read_event = 1, 36, 71, 106, 141, 176, 211, 246, 281, 316, 531, 956, 1620, 2602, 4049, 5765, 7823, 10000, 12666, 15721, 18972, 20000, 23517, 27420, 30000, 33957, 37934, 40000, 43933, 47908, 50000, 54001, 58014, 60000, 63987, 67972, 70000, 73915, 77878, 80000, 83962, 87926, 90000, 93914, 97845, 100000, 103972, 107965, 110000, 113936, 117891, 120000, 123963, 127938, 130000, 133936, 137899, 140000, 143952, 147914, 150000, 1e+38