num_scal_reads = 32

scal_read_bcm1_current = 5.18447, 5.16786, 5.16557, 5.16801, 5.18001, 5.17398, 5.15756, 5.1569, 5.17047, 5.16866, 5.17278, 5.16565, 5.17779, 5.1629, 5.17325, 5.16627, 5.16834, 5.16435, 5.16087, 5.16325, 5.16389, 5.17651, 5.16836, 5.17599, 5.1701, 5.16564, 5.17153, 5.17713, 5.1629, 5.159, 5.15759, 5.15759

scal_read_bcm2_current = 5.24136, 5.17362, 5.17144, 5.1737, 5.18601, 5.17996, 5.16342, 5.16265, 5.17649, 5.17449, 5.1786, 5.17162, 5.18388, 5.16877, 5.17935, 5.17218, 5.17437, 5.17038, 5.16686, 5.16926, 5.16973, 5.18268, 5.17436, 5.1821, 5.17628, 5.17168, 5.17758, 5.18323, 5.16926, 5.16532, 5.16376, 5.16376

scal_read_bcm4a_current = 6.58285, 6.56985, 6.56849, 6.57192, 6.58815, 6.58003, 6.5588, 6.55959, 6.57499, 6.57356, 6.57765, 6.57025, 6.58387, 6.56658, 6.57903, 6.5709, 6.57322, 6.5668, 6.56484, 6.56708, 6.56784, 6.58421, 6.57268, 6.58379, 6.57591, 6.5705, 6.5762, 6.58441, 6.56622, 6.5645, 6.56141, 6.56141

scal_read_bcm4b_current = 33.7588, 33.6095, 33.6015, 33.6174, 33.6904, 33.6528, 33.5582, 33.5608, 33.6415, 33.6342, 33.6615, 33.6128, 33.6949, 33.6031, 33.6668, 33.6254, 33.6391, 33.6158, 33.595, 33.6049, 33.6069, 33.6859, 33.637, 33.6857, 33.6511, 33.6225, 33.6509, 33.6884, 33.6067, 33.5738, 33.5649, 33.5649

scal_read_bcm4c_current = 13.2513, 13.2575, 13.2477, 13.2576, 13.2893, 13.2751, 13.2316, 13.2305, 13.2635, 13.2597, 13.2743, 13.2538, 13.2853, 13.2459, 13.2711, 13.254, 13.2584, 13.2475, 13.2401, 13.2448, 13.246, 13.2777, 13.2568, 13.2784, 13.263, 13.2504, 13.2648, 13.277, 13.2426, 13.2333, 13.2327, 13.2327

scal_read_event = 1, 5937, 10000, 15959, 20000, 25915, 30000, 35995, 40000, 45988, 50000, 55933, 60000, 65954, 70000, 75976, 80000, 85934, 90000, 95961, 100000, 105934, 110000, 115999, 120000, 125967, 130000, 135943, 140000, 145978, 150000, 1e+38