num_scal_reads = 31

scal_read_bcm1_current = 4.84827, 4.85792, 4.89063, 4.8982, 4.89883, 4.86136, 4.81972, 4.86968, 4.84481, 4.82282, 4.85442, 4.85287, 4.83125, 4.83079, 4.83611, 4.85391, 4.88785, 4.82807, 4.82225, 4.89453, 4.86766, 4.85837, 4.8565, 4.79302, 4.80576, 4.84483, 4.8261, 4.83805, 4.8919, 4.89803, 4.89803

scal_read_bcm2_current = 4.8283, 4.83795, 4.87065, 4.87831, 4.87886, 4.84145, 4.79974, 4.84975, 4.82481, 4.80275, 4.83432, 4.83264, 4.81111, 4.81064, 4.81615, 4.83404, 4.86785, 4.808, 4.80218, 4.87452, 4.84774, 4.83854, 4.83652, 4.77308, 4.78596, 4.82491, 4.80624, 4.81835, 4.87224, 4.87844, 4.87844

scal_read_bcm4a_current = 4.90184, 4.91106, 4.94416, 4.95136, 4.95102, 4.91321, 4.87144, 4.92127, 4.89808, 4.87631, 4.90818, 4.90642, 4.88479, 4.88337, 4.88798, 4.90745, 4.94149, 4.88234, 4.87624, 4.94857, 4.92115, 4.91153, 4.90944, 4.84592, 4.85921, 4.89794, 4.87929, 4.89134, 4.94431, 4.95101, 4.95101

scal_read_bcm4b_current = 4.96856, 4.97709, 5.00836, 5.01602, 5.01778, 4.98032, 4.94035, 4.9887, 4.96365, 4.94121, 4.9737, 4.97124, 4.94864, 4.94893, 4.95353, 4.97225, 5.00384, 4.9484, 4.94181, 5.01164, 4.9853, 4.97542, 4.97333, 4.91473, 4.92553, 4.96341, 4.94589, 4.9553, 5.00705, 5.01461, 5.01461

scal_read_bcm4c_current = 4.92017, 4.93043, 4.96288, 4.97221, 4.97398, 4.9351, 4.89137, 4.94133, 4.91872, 4.89615, 4.92737, 4.92607, 4.90248, 4.9026, 4.90795, 4.92687, 4.95874, 4.89977, 4.89271, 4.96536, 4.93892, 4.93007, 4.92795, 4.86527, 4.87775, 4.9154, 4.89692, 4.90928, 4.9626, 4.9681, 4.9681

scal_read_event = 5254, 10000, 15345, 20000, 25323, 30000, 35261, 40000, 45287, 50000, 55286, 60000, 65281, 70000, 75254, 80000, 85330, 90000, 95275, 100000, 105287, 110000, 115280, 120000, 125300, 130000, 135269, 140000, 145325, 150000, 1e+38