num_scal_reads = 41

scal_read_bcm1_current = 44.9035, 45.2388, 44.7675, 44.7087, 44.8743, 44.9258, 44.899, 27.8366, -0.0565235, -0.0569217, -0.0569094, -0.057954, -0.0571797, -0.0575413, -0.05761, -0.0582593, -0.0581725, -0.0577895, -0.058676, -0.0589646, -0.0606621, -0.0592406, -0.0601642, -0.0596041, 1.66342, 2.59891, 3.92436, 6.2144, 11.0055, 14.0301, 16.9727, 20.0211, 22.8448, 22.9889, 26.4979, 30.6966, 31.1351, 36.6968, 36.7344, 36.6881, 36.6881

scal_read_bcm2_current = 44.762, 45.2576, 44.7825, 44.7244, 44.8889, 44.9411, 44.9127, 27.8338, -0.0917004, -0.0917629, -0.0917542, -0.0917451, -0.0918161, -0.091856, -0.0917617, -0.0917004, -0.0917004, -0.0917214, -0.0917487, -0.0917565, -0.0917529, -0.091704, -0.0918091, -0.0917452, 1.63913, 2.57773, 3.90427, 6.19779, 10.9965, 14.027, 16.9756, 20.0299, 22.8592, 23.004, 26.5175, 30.7216, 31.1602, 36.7261, 36.7636, 36.7163, 36.7163

scal_read_bcm4a_current = 45.5953, 45.7792, 45.2996, 45.2378, 45.4092, 45.4638, 45.437, 28.371, 0.478691, 0.479179, 0.480079, 0.480029, 0.482564, 0.480788, 0.480947, 0.480989, 0.481256, 0.481529, 0.481656, 0.482378, 0.482137, 0.482297, 0.48433, 0.483608, 1.87696, 2.6557, 3.97523, 6.28604, 11.1239, 14.1819, 17.1574, 20.2412, 23.0969, 23.2431, 26.7959, 31.0417, 31.4839, 37.1151, 37.1544, 37.1066, 37.1066

scal_read_bcm4b_current = 45.5322, 45.4933, 45.0269, 44.9641, 45.1284, 45.181, 45.1529, 28.5383, 1.38937, 1.38762, 1.3864, 1.38466, 1.38552, 1.38288, 1.38362, 1.3856, 1.38489, 1.3845, 1.38387, 1.38666, 1.38627, 1.39283, 1.39865, 1.39668, 2.31218, 2.85405, 4.08286, 6.35412, 11.113, 14.1696, 17.1389, 20.1894, 23.0138, 23.1574, 26.6689, 30.8725, 31.3108, 36.8948, 36.9335, 36.885, 36.885

scal_read_bcm4c_current = 45.2825, 45.4215, 44.9509, 44.893, 45.0559, 45.1014, 45.0725, 28.1339, 0.434863, 0.434367, 0.435433, 0.434864, 0.434287, 0.433897, 0.434309, 0.434706, 0.434081, 0.434111, 0.43421, 0.434784, 0.434307, 0.434287, 0.434109, 0.433534, 1.87985, 2.68423, 4.00084, 6.28197, 11.0504, 14.0826, 17.033, 20.0899, 22.9173, 23.0577, 26.5791, 30.7989, 31.2384, 36.8328, 36.8685, 36.8226, 36.8226

scal_read_event = 1, 8286, 10000, 17952, 20000, 28149, 30000, 36002, 38522, 40000, 42516, 45031, 47549, 50000, 52513, 55031, 57547, 60000, 62516, 67547, 70000, 72517, 75034, 77550, 80000, 83306, 87023, 90000, 95770, 100000, 107005, 110000, 117787, 120000, 128314, 130000, 138331, 140000, 148207, 150000, 1e+38