num_scal_reads = 32

scal_read_bcm1_current = 2.74488, 2.90974, 2.91302, 2.91106, 2.90314, 2.90861, 2.89965, 2.90741, 2.90911, 2.90705, 2.90103, 2.90535, 2.90094, 2.90686, 2.91365, 2.91055, 2.90883, 2.90992, 2.90545, 2.90904, 2.90135, 2.90505, 2.90546, 2.90311, 2.90576, 2.90139, 2.89964, 2.90327, 2.90336, 2.90402, 2.90629, 2.90629

scal_read_bcm2_current = 3.05496, 2.90643, 2.90977, 2.90779, 2.89995, 2.9054, 2.8965, 2.90434, 2.90594, 2.90382, 2.89768, 2.9022, 2.89785, 2.90366, 2.91039, 2.90754, 2.90536, 2.90663, 2.90223, 2.9059, 2.89798, 2.90184, 2.90239, 2.89997, 2.90238, 2.89816, 2.89628, 2.89998, 2.90008, 2.9008, 2.90303, 2.90303

scal_read_bcm4a_current = 3.82152, 3.80028, 3.80619, 3.80252, 3.79094, 3.79778, 3.78742, 3.79662, 3.79857, 3.79548, 3.788, 3.79369, 3.78851, 3.79529, 3.80427, 3.7986, 3.79608, 3.79809, 3.79343, 3.79784, 3.79011, 3.79347, 3.79235, 3.79035, 3.79433, 3.78904, 3.78703, 3.79171, 3.79244, 3.7931, 3.79564, 3.79564

scal_read_bcm4b_current = 20.1584, 20.2736, 20.2916, 20.2902, 20.2419, 20.2769, 20.2286, 20.2771, 20.2906, 20.2727, 20.239, 20.2659, 20.2294, 20.2734, 20.3145, 20.2822, 20.2728, 20.2765, 20.243, 20.2709, 20.2344, 20.2529, 20.252, 20.2552, 20.2665, 20.2389, 20.2232, 20.2414, 20.2321, 20.2414, 20.2514, 20.2514

scal_read_bcm4c_current = 7.61575, 7.67293, 7.68058, 7.67399, 7.65751, 7.6678, 7.64644, 7.66588, 7.67145, 7.66375, 7.65214, 7.65823, 7.64771, 7.66415, 7.67893, 7.67481, 7.67066, 7.67498, 7.6654, 7.67218, 7.64957, 7.65841, 7.66118, 7.65697, 7.66324, 7.64973, 7.64716, 7.65448, 7.65327, 7.65593, 7.66338, 7.66338

scal_read_event = 1, 6606, 10000, 16457, 20000, 26479, 30000, 36450, 40000, 46431, 50000, 56435, 60000, 66452, 70000, 76438, 80000, 86466, 90000, 96460, 100000, 106445, 110000, 116445, 120000, 126445, 130000, 136438, 140000, 146437, 150000, 1e+38