num_scal_reads = 31

scal_read_bcm1_current = 4.80099, 4.84678, 4.88902, 4.88169, 4.84734, 4.85299, 4.82054, 4.88661, 4.86422, 4.86246, 4.84459, 4.83601, 4.86995, 4.82727, 4.80924, 4.84183, 4.85182, 4.85609, 4.85808, 4.85909, 4.8534, 4.84541, 4.79167, 4.777, 4.82698, 4.80289, 4.80978, 4.80971, 4.79562, 4.82337, 4.82337

scal_read_bcm2_current = 4.76261, 4.8274, 4.86986, 4.86239, 4.828, 4.83353, 4.80133, 4.86717, 4.84492, 4.84314, 4.82534, 4.81671, 4.85062, 4.8079, 4.78995, 4.82254, 4.83246, 4.83687, 4.83885, 4.83992, 4.83415, 4.82624, 4.77233, 4.75789, 4.80795, 4.78375, 4.79036, 4.79035, 4.77626, 4.80419, 4.80419

scal_read_bcm4a_current = 4.86496, 4.89908, 4.94258, 4.93561, 4.90112, 4.90619, 4.87349, 4.94004, 4.91685, 4.91587, 4.89995, 4.88967, 4.92471, 4.88106, 4.86424, 4.8961, 4.90632, 4.91019, 4.91228, 4.9133, 4.90574, 4.8991, 4.84546, 4.83104, 4.88194, 4.8571, 4.86291, 4.86385, 4.84984, 4.87678, 4.87678

scal_read_bcm4b_current = 4.98724, 4.96754, 5.00828, 5.00124, 4.97089, 4.97459, 4.94159, 5.00523, 4.98683, 4.98277, 4.96638, 4.95875, 4.98977, 4.94923, 4.9327, 4.96206, 4.97262, 4.97689, 4.97765, 4.97846, 4.9741, 4.968, 4.91627, 4.90098, 4.95186, 4.9271, 4.93341, 4.93515, 4.92173, 4.94901, 4.94901

scal_read_bcm4c_current = 4.97412, 4.93374, 4.97541, 4.96922, 4.93511, 4.94154, 4.9089, 4.97535, 4.95207, 4.95149, 4.93574, 4.92522, 4.95874, 4.91562, 4.89961, 4.93222, 4.94056, 4.9449, 4.94707, 4.9481, 4.94383, 4.93524, 4.88128, 4.86719, 4.91696, 4.89408, 4.90087, 4.90055, 4.88699, 4.91452, 4.91452

scal_read_event = 1, 5827, 10000, 15952, 20000, 25925, 30000, 36005, 40000, 45931, 50000, 55923, 60000, 65919, 70000, 75888, 80000, 85984, 90000, 95997, 100000, 105972, 110000, 115895, 120000, 125908, 130000, 140000, 145919, 150000, 1e+38